UNIQUE: 620381
NA:     618
SAME:   480066

AVG stabilization point (overall): 9.428
AVG cpu_time_s (overall): 7.936
MEDIAN cpu_time_s (overall): 0.522
AVG max_mem_kib (overall): 89500.1
MEDIAN max_mem_kib (overall): 0.0

BY mode:
               TOTAL   NA  UNIQUE   SAME  AVG_CPU_S  MED_CPU_S   AVG_MEM_KiB  MED_MEM_KiB   AVG_STAB
mode                                                                                                
twopass       220213   12  150220  69981   6.551085   0.478097  95044.328155          0.0   8.804259
xor           220213    5  150226  69982   6.479082   0.470177  86852.974348          0.0   8.804259
onepass       220213    6  150225  69982   6.555086   0.476158  86977.492337          0.0   8.804259
timon_rehash  220213  575  183006  36632   7.629147   0.514525  86269.606299          0.0  12.780302
sort          220213   20  150211  69982  12.467498   0.741583  92356.072348          0.0   8.799729

BY mode, max_iters:
                        TOTAL  NA  UNIQUE   SAME  AVG_CPU_S  MED_CPU_S    AVG_MEM_KiB  MED_MEM_KiB   AVG_STAB
mode         max_iters                                                                                       
twopass      1          31459   2   13286  18171   1.887777   0.270353   77674.239741          0.0        NaN
xor          1          31459   0   13287  18172   1.895038   0.267690   71386.448266          0.0        NaN
onepass      1          31459   0   13287  18172   1.896088   0.269142   71343.751550          0.0        NaN
timon_rehash 1          31459  70   29283   2106   1.728403   0.245374   68948.823421          0.0        NaN
sort         1          31459   0   13287  18172   2.408104   0.333975   76481.935980          0.0        NaN

twopass      2          31459   2   29400   2057   2.283474   0.324316   83616.044757          0.0   2.000000
xor          2          31459   0   29402   2057   2.282387   0.320539   76556.470581          0.0   2.000000
onepass      2          31459   0   29402   2057   2.292180   0.322729   76453.950602          0.0   2.000000
timon_rehash 2          31459  76   29621   1762   2.289347   0.321016   75008.452017          0.0        NaN
sort         2          31459   0   29402   2057   3.342888   0.458196   84523.577609          0.0   2.000000

twopass      4          31459   1   29772   1686   3.078859   0.430781   92106.150354          0.0   3.786169
xor          4          31459   0   29773   1686   3.062902   0.423436   83653.366350          0.0   3.786169
onepass      4          31459   0   29773   1686   3.086087   0.426102   83808.416669          0.0   3.786169
timon_rehash 4          31459  96   29693   1670   3.409385   0.470340   84250.095553          0.0        NaN
sort         4          31459   0   29773   1686   5.239096   0.718064   92532.060269          0.0   3.786169

twopass      6          31459   1   29817   1641   3.790888   0.512848   98686.118440          0.0   4.144384
xor          6          31459   0   29818   1641   3.777736   0.502019   89796.743444          0.0   4.144384
onepass      6          31459   0   29818   1641   3.826956   0.510418   90248.461426          0.0   4.144384
timon_rehash 6          31459  84   29729   1646   4.465072   0.619887   89113.132776          0.0        NaN
sort         6          31459   0   29818   1641   7.032736   0.911409   94953.277599          0.0   4.144384

twopass      8          31459   0   29846   1613   4.552376   0.588208  101094.668489          0.0   4.451477
xor          8          31459   0   29846   1613   4.496767   0.579741   92337.760768          0.0   4.451477
onepass      8          31459   0   29846   1613   4.564001   0.587745   92493.387075          0.0   4.451477
timon_rehash 8          31459  78   29755   1626   5.614787   0.753056   91849.857402          0.0   6.953978
sort         8          31459   0   29846   1613   8.757924   1.098540   96841.794971          0.0   4.451477

twopass      10         31459   0   29846   1613   5.168883   0.669375  102481.307607          0.0   4.951229
xor          10         31459   0   29846   1613   5.128910   0.656567   93519.398709          0.0   4.951229
onepass      10         31459   0   29846   1613   5.174256   0.670023   93674.330271          0.0   4.951229
timon_rehash 10         31459  86   29751   1622   6.659819   0.861978   93702.044566          0.0   7.122310
sort         10         31459   0   29846   1613  10.220813   1.291080   98010.385581          0.0   4.951229

twopass      200        31459   6   29840   1613  25.095339   1.084510  109651.767698          0.0  15.266095
xor          200        31459   5   29841   1613  24.709830   1.054980  100720.632315          0.0  15.266095
onepass      200        31459   6   29840   1613  25.046036   1.081450  100820.148765          0.0  15.266095
timon_rehash 200        31459  85   29747   1627  29.237214   1.421690  101014.838361          0.0  17.383397
sort         200        31459  20   29826   1613  50.270926   2.281540  103149.474427          0.0  15.256225